# T9[GK]  Na<sig v> for (n,g) (n,p) (n,a) [mol-1 cm3 s-1]
  0.001  0.34324E+09  0.88102E-21  0.13307E-01
  0.005  0.18347E+09  0.20683E-20  0.71565E-02
  0.010  0.13837E+09  0.27454E-20  0.53085E-02
  0.050  0.19578E+09  0.13103E-20  0.13589E-02
  0.100  0.16932E+09  0.10286E-20  0.10122E-02
  0.150  0.15405E+09  0.10196E-20  0.97100E-03
  0.200  0.14568E+09  0.10605E-20  0.10229E-02
  0.250  0.14062E+09  0.29139E-20  0.11139E-02
  0.300  0.13708E+09  0.10006E-18  0.12190E-02
  0.400  0.13145E+09  0.44156E-16  0.14325E-02
  0.500  0.12559E+09  0.45446E-14  0.16243E-02
  0.600  0.11728E+09  0.18477E-12  0.17590E-02
  0.700  0.10367E+09  0.38987E-11  0.17740E-02
  0.800  0.84112E+08  0.47536E-10  0.16240E-02
  0.900  0.62570E+08  0.36823E-09  0.13528E-02
  1.000  0.44036E+08  0.20114E-08  0.10614E-02
  1.500  0.84335E+07  0.61653E-06  0.35492E-03
  2.000  0.28626E+07  0.24219E-04  0.28101E-03
  2.500  0.13860E+07  0.37374E-03  0.60630E-03
  3.000  0.81884E+06  0.33084E-02  0.24150E-02
  3.500  0.54677E+06  0.20441E-01  0.11101E-01
  4.000  0.39572E+06  0.99956E-01  0.50484E-01
  5.000  0.23957E+06  0.15503E+01  0.88537E+00
  6.000  0.15875E+06  0.15220E+02  0.10800E+02
  7.000  0.10666E+06  0.93701E+02  0.83300E+02
  8.000  0.70595E+05  0.36610E+03  0.40037E+03
  9.000  0.46334E+05  0.97508E+03  0.12763E+04
 10.000  0.30666E+05  0.19456E+04  0.29664E+04
