#ZVView-data-copy:  21-Dec-2022 12:58:22
#=======================================
#
#name:   JENDL-5: HO-166(N,G)HO-167
#X.axis: Incident Energy
#Y.axis: Cross Section
#wdata:  2
#ldata:  715
#data...
#            X            Y
#          MeV        barns
         1e-11      289.155 
   1.10304e-11      275.319 
   1.21669e-11      262.145 
   1.34206e-11      249.601 
   1.48034e-11      237.657 
   1.63287e-11      226.285 
   1.80111e-11      215.457 
   1.98669e-11      205.147 
   2.19139e-11      195.331 
   2.41719e-11      185.984 
   2.66625e-11      177.085 
   2.94097e-11      168.611 
     3.244e-11      160.543 
   3.57825e-11      152.861 
   3.94694e-11      145.546 
   4.35362e-11      138.582 
   4.80221e-11       131.95 
   5.29701e-11      125.636 
    5.8428e-11      119.625 
   6.44483e-11        113.9 
   7.10888e-11       108.45 
   7.84136e-11      103.261 
   8.64931e-11      98.3197 
   9.54051e-11       93.615 
   1.05235e-10      89.1354 
   1.16078e-10      84.8702 
   1.28039e-10      80.8091 
   1.41231e-10      76.9423 
   1.55784e-10      73.2606 
   1.71835e-10       69.755 
    1.8954e-10      66.4171 
    2.0907e-10       63.239 
   2.30612e-10       60.213 
   2.54374e-10      57.3317 
   2.80584e-10      54.5884 
   3.09494e-10      51.9763 
   3.41383e-10      49.4891 
   3.76558e-10      47.1211 
   4.15358e-10      44.8663 
   4.58155e-10      42.7194 
   5.05362e-10      40.6752 
   5.57433e-10      38.7289 
   6.14869e-10      36.8757 
   6.78223e-10      35.1111 
   7.48105e-10       33.431 
   8.25188e-10      31.8313 
   9.10213e-10      30.3082 
      1.004e-9      28.8579 
    1.10745e-9       27.477 
    1.22155e-9      26.1622 
    1.34742e-9      24.9103 
    1.48625e-9      23.7184 
    1.63939e-9      22.5834 
    1.80831e-9      21.5028 
    1.99463e-9      20.4738 
    2.20016e-9      19.4942 
    2.42685e-9      18.5613 
    2.67691e-9      17.6732 
    2.95273e-9      16.8275 
    3.25697e-9      16.0223 
    3.59256e-9      15.2557 
    3.96272e-9      14.5259 
    4.37103e-9      13.8311 
    4.82141e-9      13.1697 
    5.31819e-9      12.5403 
    5.86616e-9      11.9412 
    6.47059e-9      11.3708 
     7.1373e-9      10.8276 
    7.87271e-9        10.31 
    8.68389e-9      9.81693 
    9.57865e-9      9.34725 
    1.05656e-8      8.90009 
    1.16543e-8      8.47436 
    1.28551e-8      8.06904 
    1.41796e-8      7.68306 
    1.56406e-8      7.31536 
    1.72522e-8       6.9651 
    1.90298e-8      6.63157 
    2.09906e-8      6.31396 
    2.31534e-8      6.01156 
    2.52419e-8       5.7577 
       2.53e-8      5.75109 
    2.79068e-8      5.47656 
    3.07823e-8      5.21484 
     3.3954e-8      4.96535 
    3.74525e-8      4.72774 
    4.13115e-8      4.50111 
    4.55681e-8       4.2854 
    5.02633e-8      4.08036 
    5.54423e-8       3.8853 
    6.11549e-8      3.69951 
    6.74561e-8      3.52242 
    7.44066e-8      3.35426 
    8.26521e-8      3.18218 
    9.11684e-8      3.02965 
    1.00562e-7      2.88475 
    1.10924e-7      2.74679 
     1.2321e-7      2.60645 
    1.35905e-7      2.48155 
    1.50966e-7      2.35491 
    1.67687e-7      2.23396 
    1.84965e-7      2.12704 
    2.04024e-7      2.02529 
    2.25046e-7       1.9284 
    2.51736e-7      1.82336 
    2.75742e-7      1.74229 
    3.04154e-7      1.65907 
    3.37843e-7      1.57375 
    3.72653e-7       1.4986 
     4.1105e-7      1.42688 
    4.53404e-7      1.35855 
    5.10755e-7      1.27989 
    5.59435e-7      1.22339 
    6.12785e-7      1.16888 
    6.80659e-7      1.10871 
     7.4557e-7      1.05955 
     8.1663e-7       1.0124 
    8.94508e-7     0.967233 
    9.93586e-7     0.917929 
    1.08072e-6     0.879846 
    1.20889e-6     0.832042 
    1.35226e-6     0.786586 
    1.48122e-6     0.751764 
    1.61111e-6     0.720828 
    1.75239e-6     0.691112 
    1.89271e-6     0.665166 
    2.08772e-6     0.633001 
    2.28682e-6     0.605204 
    2.45275e-6     0.584276 
    2.70547e-6     0.556107 
    2.94272e-6     0.533356 
    3.17835e-6     0.513187 
    3.48145e-6     0.490308 
    3.78675e-6     0.470136 
    4.14767e-6     0.449177 
    4.51138e-6     0.430698 
    4.62344e-6     0.426036 
    4.63554e-6     0.427291 
    4.64366e-6     0.430611 
    4.64776e-6     0.433948 
    4.65185e-6     0.439177 
    4.65594e-6     0.447211 
    4.65901e-6     0.455845 
    4.66207e-6     0.467519 
    4.66412e-6      0.47745 
    4.66616e-6      0.48949 
    4.66821e-6      0.50404 
    4.67026e-6     0.521568 
     4.6723e-6     0.542616 
    4.67384e-6     0.561087 
    4.67537e-6     0.582189 
     4.6769e-6     0.606256 
    4.67844e-6     0.633658 
    4.67997e-6     0.664803 
    4.68151e-6     0.700143 
    4.68304e-6     0.740175 
    4.68457e-6     0.785445 
    4.68611e-6     0.836553 
    4.68764e-6     0.894155 
    4.68918e-6     0.958968 
    4.69071e-6      1.03177 
    4.69225e-6      1.11342 
    4.69378e-6      1.20482 
     4.6948e-6      1.27167 
    4.69582e-6      1.34361 
    4.69685e-6      1.42098 
    4.69787e-6      1.50413 
    4.69889e-6      1.59341 
    4.69992e-6      1.68922 
    4.70094e-6      1.79195 
    4.70196e-6      1.90202 
    4.70298e-6      2.01987 
    4.70401e-6      2.14596 
    4.70503e-6      2.28077 
    4.70607e-6      2.42689 
     4.7071e-6      2.58302 
    4.70814e-6      2.74972 
    4.70918e-6      2.92758 
    4.71022e-6      3.11719 
    4.71177e-6      3.42504 
    4.71333e-6      3.76296 
    4.71488e-6      4.13327 
    4.71644e-6      4.53838 
    4.71799e-6      4.98081 
    4.71955e-6      5.46319 
    4.72111e-6      5.98825 
    4.72266e-6      6.55879 
    4.72422e-6      7.17772 
    4.72577e-6        7.848 
    4.72733e-6      8.57267 
    4.72888e-6      9.35484 
    4.73044e-6      10.1977 
      4.732e-6      11.1043 
    4.73355e-6      12.0779 
    4.73511e-6      13.1218 
    4.73666e-6       14.239 
    4.73822e-6      15.4329 
    4.73977e-6      16.7064 
    4.74133e-6      18.0626 
    4.74289e-6      19.5044 
    4.74496e-6      21.5651 
    4.74703e-6      23.7895 
    4.74859e-6      25.5689 
    4.75067e-6      28.0937 
    4.75274e-6       30.797 
    4.75481e-6      33.6828 
    4.75689e-6      36.7543 
    4.75896e-6      40.0138 
    4.76104e-6      43.4626 
    4.76311e-6      47.1009 
    4.76622e-6      52.9113 
    4.76933e-6      59.1376 
    4.77228e-6       65.406 
    4.77577e-6      73.2747 
    4.77927e-6       81.586 
    4.78363e-6      92.5235 
    4.78887e-6      106.301 
     4.7976e-6      130.233 
    4.80781e-6      158.336 
    4.81416e-6      175.057 
     4.8205e-6      190.701 
    4.82685e-6      204.939 
     4.8332e-6      217.547 
    4.83955e-6      228.407 
     4.8459e-6      237.504 
    4.85224e-6      244.913 
    4.85859e-6      250.777 
    4.86494e-6      255.282 
    4.87135e-6      258.664 
    4.87993e-6      261.737 
     4.8928e-6      264.159 
    4.90997e-6      265.137 
    4.91855e-6      265.167 
    5.40641e-6      251.759 
    5.75808e-6      243.054 
     6.3072e-6      230.945 
    6.86028e-6      220.382 
    7.46187e-6       210.25 
    8.23072e-6      199.017 
    8.88978e-6      190.677 
    9.53482e-6      183.342 
    1.06656e-5      171.483 
    1.15202e-5      163.373 
    1.23561e-5      156.382 
    1.35338e-5      147.693 
    1.46182e-5      140.727 
    1.56789e-5      134.708 
    1.66988e-5      129.497 
    1.77858e-5      124.471 
    1.93455e-5      118.075 
    2.11893e-5       111.54 
    2.30475e-5      105.818 
    2.47198e-5       101.29 
    2.68875e-5      96.0648 
    2.92453e-5      91.1496 
    3.11491e-5      87.6276 
    3.31753e-5      84.2335 
    3.55825e-5      80.6211 
    3.87028e-5      76.4779 
    4.23936e-5      72.2429 
    4.57882e-5      68.8286 
     4.9457e-5      65.6042 
    5.37939e-5      62.2199 
    5.81014e-5      59.2908 
    6.23172e-5      56.7567 
     6.6374e-5      54.5568 
    7.11901e-5      52.2173 
    7.74328e-5      49.5297 
    8.36331e-5      47.2018 
    8.97015e-5      45.1812 
    9.82558e-5      42.6537 
   0.000109909      39.4711 
   0.000118709       37.375 
   0.000127218      35.5875 
   0.000135499      34.0422 
   0.000145331      32.3921 
   0.000156968      30.6687 
   0.000167187      29.3299 
   0.000179318      27.9106 
   0.000190721      26.7234 
   0.000207263      25.1909 
   0.000220755      24.0942 
   0.000238034      22.8402 
   0.000254435      21.7863 
   0.000270999      20.8403 
   0.000290662      19.8301 
   0.000313937      18.7751 
   0.000334985      17.9331 
   0.000358683       17.085 
   0.000382033      16.3427 
   0.000412623      15.4703 
   0.000441161      14.7582 
   0.000476068      13.9825 
   0.000508871      13.3373 
   0.000541998      12.7582 
   0.000577287       12.197 
   0.000628564      11.4852 
    0.00066997      10.9785 
   0.000717366      10.4593 
   0.000762882      10.0135 
   0.000811287      9.58798 
   0.000875966      9.07939 
   0.000929508      8.70772 
    0.00098278      8.36975 
    0.00103631      8.06482 
     0.0011029      7.72373 
    0.00119017      7.32464 
    0.00127218       6.9939 
    0.00138374      6.59552 
    0.00148392      6.28212 
    0.00158052      6.01339 
    0.00167493      5.77514 
    0.00179342      5.50754 
    0.00194672      5.20096 
    0.00211743      4.89686 
    0.00227547      4.64474 
    0.00245768       4.3911 
    0.00261962      4.19187 
    0.00283827      3.95224 
    0.00298877      3.80767 
    0.00318665       3.6319 
    0.00345399      3.42397 
    0.00367457      3.27337 
    0.00395262      3.10261 
    0.00402822      3.06255 
    0.00429743       2.9458 
    0.00463067      2.81367 
    0.00510975      2.65003 
    0.00547692      2.54092 
    0.00594387      2.41615 
    0.00609001      2.38426 
     0.0067175      2.26511 
    0.00723902      2.17903 
    0.00790211      2.08105 
    0.00863882      1.96924 
    0.00926214      1.88227 
          0.01      1.79137 
     0.0114862      1.69486 
     0.0127482      1.62537 
     0.0143174      1.55128 
     0.0161383      1.47818 
     0.0177578      1.42283 
     0.0197234      1.36348 
     0.0226042      1.29623 
     0.0245606      1.25755 
     0.0271444      1.21176 
     0.0326919      1.12737 
      0.036416       1.0785 
          0.04      1.03733 
     0.0489738      0.99016 
     0.0514208     0.976365 
     0.0545687     0.956473 
     0.0597101     0.897712 
     0.0652646     0.855219 
     0.0709876     0.817568 
     0.0801334     0.764222 
     0.0829723     0.748422 
     0.0864147     0.700583 
          0.09     0.655792 
     0.0955375     0.614499 
           0.1     0.584332 
      0.108168     0.548991 
      0.115702     0.520595 
      0.124153     0.492617 
      0.130917     0.472482 
      0.140988     0.447071 
      0.151058      0.42458 
          0.16     0.407503 
      0.172114     0.394684 
          0.18     0.374413 
      0.201411     0.345025 
      0.215125     0.328527 
      0.226587     0.316069 
      0.246936     0.297045 
          0.25     0.294391 
       0.28776     0.274327 
      0.298604     0.269022 
           0.3     0.264663 
      0.317715     0.250856 
      0.331779     0.240804 
      0.352846     0.229885 
       0.37536     0.219795 
      0.377581     0.216653 
      0.389292     0.208742 
           0.4     0.200962 
      0.418615      0.19302 
      0.426226     0.187422 
      0.428615     0.186192 
      0.432645     0.181684 
       0.43386     0.179797 
      0.453641     0.166991 
      0.456529     0.165228 
      0.467325     0.160334 
      0.473703     0.156396 
      0.478572      0.15415 
      0.484775     0.150592 
           0.5     0.144086 
      0.521308     0.136813 
      0.546977     0.129657 
      0.551265     0.127808 
      0.568693     0.122743 
      0.571074     0.122125 
      0.580717     0.118621 
           0.6     0.113767 
      0.637114     0.105923 
       0.66518     0.100634 
      0.689821    0.0963297 
      0.728868     0.090067 
      0.766295    0.0846719 
      0.805643    0.0796049 
      0.848246    0.0747262 
      0.886552    0.0707923 
      0.930539    0.0667311 
      0.980874    0.0625707 
       1.00705    0.0606405 
       1.05621    0.0574461 
       1.10776    0.0544391 
       1.16512     0.051566 
       1.20846    0.0495868 
       1.28323    0.0465945 
       1.33365     0.044809 
       1.40988     0.042389 
       1.48475    0.0403215 
       1.57105     0.038208 
       1.63402    0.0368399 
       1.71199    0.0352527 
        1.8127    0.0334193 
       1.92681    0.0315544 
             2    0.0304354 
       2.13628    0.0287922 
          2.25    0.0275483 
       2.38844     0.025556 
           2.5    0.0241115 
       2.64052    0.0227141 
          2.75    0.0217165 
       2.87685    0.0201348 
       2.97227    0.0190523 
       3.04232    0.0183448 
       3.13986    0.0174236 
       3.24428    0.0165137 
       3.41192    0.0152214 
           3.5    0.0145984 
       3.61881    0.0136424 
       3.74556     0.012722 
       3.86157     0.011964 
       3.97188     0.011296 
             4    0.0111338 
       4.11196    0.0103678 
       4.20571   0.00978146 
       4.30854   0.00918999 
       4.43525   0.00852725 
           4.5     0.008214 
       4.61251   0.00759899 
       4.70647   0.00713103 
       4.80927   0.00666158 
       4.90371   0.00626556 
             5   0.00589307 
       5.08637    0.0055199 
        5.1598   0.00522579 
       5.24282   0.00491667 
       5.33326   0.00460572 
       5.44385   0.00425844 
           5.5   0.00409474 
       5.58667   0.00382021 
       5.66025   0.00360464 
       5.74334   0.00337886 
       5.83372   0.00315262 
       5.91628   0.00296199 
        6.0345   0.00271069 
       6.12161   0.00253829 
       6.22781   0.00234583 
       6.28159   0.00225514 
       6.38986   0.00209093 
           6.5   0.00193868 
       6.62155   0.00180861 
        6.7142   0.00171683 
       6.85561   0.00158781 
             7   0.00146849 
       7.17202   0.00138152 
       7.30845   0.00131621 
           7.5   0.00123254 
       7.92749   0.00114308 
             8   0.00112888 
           8.5   0.00110132 
             9   0.00112133 
           9.5   0.00117044 
       10.0476   0.00123717 
       10.1893   0.00125445 
       10.3331   0.00127197 
       10.4789   0.00128974 
          10.5   0.00129232 
       10.6481   0.00130592 
       10.7984   0.00131971 
       10.9507    0.0013337 
            11   0.00133822 
       11.1552   0.00134521 
       11.3126   0.00135229 
       11.4722   0.00135947 
          11.5   0.00136072 
       11.6622   0.00135742 
       11.8268   0.00135407 
       11.9936   0.00135067 
            12   0.00135054 
       12.1693   0.00133447 
        12.341   0.00131816 
          12.5   0.00130307 
       12.6764   0.00127797 
       12.8552   0.00125251 
            13    0.0012319 
       13.1834   0.00120476 
       13.3694   0.00117724 
          13.5   0.00115791 
       13.6905   0.00113268 
       13.8836   0.00110711 
            14   0.00109169 
       14.1975   0.00106758 
       14.3978   0.00104312 
       14.6009   0.00101832 
       14.8069  0.000993175 
            15  0.000969605 
       15.2116  0.000941032 
       15.4262  0.000912055 
          15.5  0.000902095 
       15.7187  0.000868136 
       15.8735  0.000844092 
            16  0.000825599 
       16.2257  0.000787949 
       16.3736  0.000763293 
          16.5  0.000743587 
       16.7328  0.000703888 
       16.7481   0.00070127 
       16.9844   0.00066383 
            17  0.000661361 
       17.2398  0.000627856 
       17.3736  0.000609164 
       17.6187  0.000576916 
       17.8673  0.000544214 
       17.8737  0.000543377 
            18  0.000527866 
       18.2539  0.000501901 
       18.3737  0.000489656 
       18.6329  0.000464657 
       18.8737  0.000441433 
            19  0.000430013 
       19.2681  0.000410628 
       19.3738  0.000402983 
       19.6238  0.000386567 
       19.9007   0.00037004 
            20   0.00036411 
