# Energy [MeV], best_fit, best_fit-2*sigma, best_fit-sigma, best_fit+sigma, best_fit+2*sigma, staterr
-7.560000000000000053e-01 nan nan nan nan nan nan
-6.280000000000000027e-01 nan nan nan nan nan nan
-5.000000000000000000e-01 nan nan nan nan nan nan
-3.719999999999999973e-01 nan nan nan nan nan nan
-2.439999999999999947e-01 nan nan nan nan nan nan
-1.159999999999999920e-01 nan nan nan nan nan nan
1.200000000000001066e-02 nan nan nan nan nan nan
1.400000000000000133e-01 nan nan nan nan nan nan
2.680000000000000160e-01 nan nan nan nan nan nan
3.960000000000001297e-01 nan nan nan nan nan nan
5.240000000000000213e-01 nan nan nan nan nan nan
6.519999999999999130e-01 nan nan nan nan nan nan
7.800000000000000266e-01 nan nan nan nan nan nan
9.080000000000001403e-01 nan nan nan nan nan nan
1.036000000000000032e+00 nan nan nan nan nan nan
1.163999999999999924e+00 8.618491699999999387e-09 5.586744526015295420e-09 7.102618113007647404e-09 1.332065159983631957e-08 1.802281149967264140e-08 6.560047499999999726e-10
1.292000000000000037e+00 8.865111299999999386e-09 5.805696873477568868e-09 7.335404086738784127e-09 1.358882698473692577e-08 1.831254266947385050e-08 7.090263400000000131e-10
1.420000000000000151e+00 1.010358599999999940e-08 6.681729313232300341e-09 8.392657656616149871e-09 1.535443911628169946e-08 2.060529223256339953e-08 6.134376299999999923e-10
1.548000000000000265e+00 8.511018600000000217e-09 5.684831983269643784e-09 7.097925291634822001e-09 1.281197089424708771e-08 1.711292318849417356e-08 6.552395299999999780e-10
1.675999999999999934e+00 9.225583900000000729e-09 6.222773998439569726e-09 7.724178949219785227e-09 1.375724172355766179e-08 1.828889954711532285e-08 5.510051299999999600e-10
1.804000000000000048e+00 9.677527200000000533e-09 6.591403412515621987e-09 8.134465306257811260e-09 1.430464115595694314e-08 1.893175511191388574e-08 6.570673400000000274e-10
1.932000000000000162e+00 1.234268900000000020e-08 8.488334422307506379e-09 1.041551171115375329e-08 1.807541904693621909e-08 2.380814909387243798e-08 7.343227700000000388e-10
2.059999999999999609e+00 1.246626599999999935e-08 8.656141935063493442e-09 1.056120396753174640e-08 1.808570648402214756e-08 2.370514696804429576e-08 8.065001399999999583e-10
2.187999999999999723e+00 1.300793900000000016e-08 9.119027731538349675e-09 1.106348336576917492e-08 1.871123046587391303e-08 2.441452193174782591e-08 7.523779899999999809e-10
2.315999999999999837e+00 1.367757199999999935e-08 9.680048896643546278e-09 1.167881044832177281e-08 1.949470843672277252e-08 2.531184487344554404e-08 8.216477499999999558e-10
2.443999999999999950e+00 1.589715000000000150e-08 1.135776736879303660e-08 1.362745868439651905e-08 2.245480989633934084e-08 2.901246979267868018e-08 8.252385400000000473e-10
2.572000000000000064e+00 1.749102000000000067e-08 1.261455177650663151e-08 1.505278588825331609e-08 2.448512220127457593e-08 3.147922440254915119e-08 9.646028399999999938e-10
2.700000000000000178e+00 2.017145400000000155e-08 1.468310834262534452e-08 1.742728117131267304e-08 2.798634778241238486e-08 3.580124156482476816e-08 1.111587800000000007e-09
2.828000000000000291e+00 2.197709000000000108e-08 1.609227937205768257e-08 1.903468468602884182e-08 3.022045991788919818e-08 3.846382983577839528e-08 1.223796700000000037e-09
2.956000000000000405e+00 2.443796799999999991e-08 1.799501552268349598e-08 2.121649176134174795e-08 3.330566105418370011e-08 4.217335410836740031e-08 1.441694899999999920e-09
3.083999999999999631e+00 2.796369700000000082e-08 2.070682323594020480e-08 2.433526011797010281e-08 3.777195019180289459e-08 4.758020338360579167e-08 1.712012399999999902e-09
3.211999999999999744e+00 2.954047999999999930e-08 2.199684953665141841e-08 2.576866476832570886e-08 3.954706423795125228e-08 4.955364847590250526e-08 1.832115799999999982e-09
3.339999999999999858e+00 2.879323099999999933e-08 2.156004745805065300e-08 2.517663922902532617e-08 3.820403221443960509e-08 4.761483342887920754e-08 1.986522899999999975e-09
3.467999999999999972e+00 2.956181799999999851e-08 2.225868614388429577e-08 2.591025207194214714e-08 3.887514094841673673e-08 4.818846389683347495e-08 1.811842899999999912e-09
3.596000000000000085e+00 2.822269000000000111e-08 2.136819212859489248e-08 2.479544106429744679e-08 3.678418454641009451e-08 4.534567909282018790e-08 2.423929300000000111e-09
3.724000000000000199e+00 3.181094899999999973e-08 2.421806708639520041e-08 2.801450804319760007e-08 4.109235415054439852e-08 5.037375930108879732e-08 2.438696399999999954e-09
3.852000000000000313e+00 3.335367900000000232e-08 2.553246406369776662e-08 2.944307153184888447e-08 4.270219615208985823e-08 5.205071330417971414e-08 2.651360499999999987e-09
3.979999999999999538e+00 3.394865900000000226e-08 2.612027585658590720e-08 3.003446742829295473e-08 4.307756879689391549e-08 5.220647859378782872e-08 3.053302699999999819e-09
4.107999999999999652e+00 3.274947599999999718e-08 2.529288572493341258e-08 2.902118086246670488e-08 4.119454820293287560e-08 4.963962040586575402e-08 3.430730800000000049e-09
4.235999999999999766e+00 3.460954900000000204e-08 2.678256114820234851e-08 3.069605507410117527e-08 4.323413038876862479e-08 5.185871177753724753e-08 3.388140399999999969e-09
4.363999999999999879e+00 4.058903599999999859e-08 3.146926259125733926e-08 3.602914929562866893e-08 5.041207691449405199e-08 6.023511782898811200e-08 4.860031000000000130e-09
4.491999999999999993e+00 4.831594700000000031e-08 3.753100452036027338e-08 4.292347576018013684e-08 5.966393022403626554e-08 7.101191344807253078e-08 5.970434400000000192e-09
4.620000000000000107e+00 5.143585799999999921e-08 4.003001121664849747e-08 4.573293460832424834e-08 6.315131436184814229e-08 7.486677072369628537e-08 5.616200799999999948e-09
4.748000000000000220e+00 4.878232599999999771e-08 3.803656679515160917e-08 4.340944639757580344e-08 5.954893495047406482e-08 7.031554390094813194e-08 6.259006599999999619e-09
4.875999999999999446e+00 6.048492199999999695e-08 4.725027077442015081e-08 5.386759638721007388e-08 7.340974627375305336e-08 8.633457054750610977e-08 6.940045900000000179e-09
5.003999999999999559e+00 6.880312500000000088e-08 5.384873610050808566e-08 6.132593055025404327e-08 8.302525780641465671e-08 9.724739061282931254e-08 8.893316300000000531e-09
5.131999999999999673e+00 6.145290900000000187e-08 4.817858915000830627e-08 5.481574907500415407e-08 7.316399832757121063e-08 8.487508765514241939e-08 8.940025599999999209e-09
5.259999999999999787e+00 7.179069399999999917e-08 5.637556889586946163e-08 6.408313144793473040e-08 8.435000171115758763e-08 9.690930942231517609e-08 1.034841700000000000e-08
5.387999999999999901e+00 9.015349899999999695e-08 7.091122553943581874e-08 8.053236226971790785e-08 1.046474022603811570e-07 1.191413055207623171e-07 1.485595499999999970e-08
5.516000000000000014e+00 1.029350599999999942e-07 8.109699984482438613e-08 9.201602992241219018e-08 1.181622645245397120e-07 1.333894690490794297e-07 1.922904099999999950e-08
5.644000000000000128e+00 1.721720200000000078e-07 1.358625900275601479e-07 1.540173050137800779e-07 1.956406744845184696e-07 2.191093289690369314e-07 3.064754799999999906e-08
5.772000000000000242e+00 1.525205000000000058e-07 1.202726659546786423e-07 1.363965829773393241e-07 1.717061350493321807e-07 1.908917700986643556e-07 2.949111000000000116e-08
5.900000000000000355e+00 2.009271800000000010e-07 1.579123051392356856e-07 1.794197425696178433e-07 2.247386638195694194e-07 2.485501476391388113e-07 3.814218999999999937e-08
6.027999999999999581e+00 2.698118599999999761e-07 2.111377350511885958e-07 2.404747975255942860e-07 2.994737134364220164e-07 3.291355668728440568e-07 4.918702999999999863e-08
6.155999999999999694e+00 1.947611799999999972e-07 1.514552329367787315e-07 1.731082064683893644e-07 2.144948983450866390e-07 2.342286166901732807e-07 5.085066200000000131e-08
6.283999999999999808e+00 1.377890299999999936e-07 1.062248563186562237e-07 1.220069431593281086e-07 1.515670304051838214e-07 1.653450308103676493e-07 4.845317699999999736e-08
6.411999999999999922e+00 1.534087799999999902e-07 1.171527516325502425e-07 1.352807658162751163e-07 1.678320744986601221e-07 1.822553689973202541e-07 5.596676500000000200e-08
6.540000000000000036e+00 1.418106499999999994e-07 1.071457385902074237e-07 1.244781942951037115e-07 1.547418555462277252e-07 1.676730610924554510e-07 6.663487499999999733e-08
6.668000000000000149e+00 3.064270699999999842e-07 2.289572105296991979e-07 2.676921402648495910e-07 3.357208788258298066e-07 3.650146876516596291e-07 1.185219700000000045e-07
6.796000000000000263e+00 3.403371200000000238e-07 2.513166882490275868e-07 2.958269041245138053e-07 3.746818464839614761e-07 4.090265729679229285e-07 1.711381799999999981e-07
6.923999999999999488e+00 4.616667000000000241e-07 3.362314215998391468e-07 3.989490607999195855e-07 5.100246789090474446e-07 5.583826578180948122e-07 2.315781300000000059e-07
7.051999999999999602e+00 4.593974599999999820e-08 3.301478526754212185e-08 3.947726563377106003e-08 5.105733760107880261e-08 5.617492920215760701e-08 1.100549600000000023e-07
7.179999999999999716e+00 nan nan nan nan nan nan
