# Energy [MeV], best_fit, best_fit-2*sigma, best_fit-sigma, best_fit+sigma, best_fit+2*sigma, staterr
-7.560000000000000053e-01 nan nan nan nan nan nan
-6.280000000000000027e-01 nan nan nan nan nan nan
-5.000000000000000000e-01 nan nan nan nan nan nan
-3.719999999999999973e-01 nan nan nan nan nan nan
-2.439999999999999947e-01 nan nan nan nan nan nan
-1.159999999999999920e-01 nan nan nan nan nan nan
1.200000000000001066e-02 nan nan nan nan nan nan
1.400000000000000133e-01 nan nan nan nan nan nan
2.680000000000000160e-01 nan nan nan nan nan nan
3.960000000000001297e-01 nan nan nan nan nan nan
5.240000000000000213e-01 nan nan nan nan nan nan
6.519999999999999130e-01 nan nan nan nan nan nan
7.800000000000000266e-01 nan nan nan nan nan nan
9.080000000000001403e-01 nan nan nan nan nan nan
1.036000000000000032e+00 nan nan nan nan nan nan
1.163999999999999924e+00 3.062989900000000120e-08 2.143645386541431956e-08 2.603317643270716038e-08 4.158432695702927612e-08 5.253875491405855104e-08 2.331424199999999891e-09
1.292000000000000037e+00 3.042849500000000185e-08 2.140150645276503417e-08 2.591500072638251801e-08 4.105148393909112161e-08 5.167447287818224137e-08 2.433653099999999920e-09
1.420000000000000151e+00 3.349298400000000239e-08 2.367380376865282379e-08 2.858339388432641309e-08 4.490208626326983242e-08 5.631118852653966245e-08 2.033521100000000169e-09
1.548000000000000265e+00 2.724844399999999946e-08 1.935531148330171024e-08 2.330187774165085485e-08 3.630101711438198989e-08 4.535359022876397701e-08 2.097781499999999825e-09
1.675999999999999934e+00 2.852567100000000114e-08 2.036257630556177122e-08 2.444412365278088618e-08 3.776395923106117473e-08 4.700224746212235164e-08 1.703717600000000048e-09
1.804000000000000048e+00 2.889937500000000000e-08 2.073086118198326601e-08 2.481511809099163300e-08 3.801846755573325104e-08 4.713756011146650540e-08 1.962157799999999893e-09
1.932000000000000162e+00 3.559718900000000174e-08 2.566083486440929280e-08 3.062901193220464727e-08 4.653570938977036054e-08 5.747422977954071935e-08 2.117838999999999887e-09
2.059999999999999609e+00 3.472354800000000194e-08 2.514866288214713536e-08 2.993610544107356865e-08 4.510860685309122858e-08 5.549366570618245522e-08 2.246426400000000162e-09
2.187999999999999723e+00 3.499277299999999819e-08 2.546553805362372641e-08 3.022915552681186230e-08 4.517318214870648927e-08 5.535359129741298036e-08 2.023978999999999965e-09
2.315999999999999837e+00 3.553537199999999970e-08 2.604580199874675868e-08 3.079058699937337919e-08 4.559379161187981997e-08 5.565221122375964025e-08 2.134703499999999958e-09
2.443999999999999950e+00 3.988897700000000330e-08 2.936740931956002955e-08 3.462819315978001643e-08 5.085976443832475792e-08 6.183055187664951254e-08 2.070680499999999879e-09
2.572000000000000064e+00 4.238680500000000167e-08 3.134541839165669384e-08 3.686611169582834776e-08 5.370671729315314480e-08 6.502662958630628793e-08 2.337567300000000198e-09
2.700000000000000178e+00 4.721008300000000054e-08 3.506737576832648304e-08 4.113872938416324179e-08 5.944415654020370883e-08 7.167823008040741051e-08 2.601604900000000105e-09
2.828000000000000291e+00 4.967635499999999828e-08 3.706287093056145096e-08 4.336961296528072462e-08 6.215849468677251214e-08 7.464063437354503262e-08 2.766233699999999805e-09
2.956000000000000405e+00 5.334901600000000192e-08 3.997902341849443604e-08 4.666401970924721898e-08 6.633671079542346857e-08 7.932440559084693521e-08 3.147274699999999875e-09
3.083999999999999631e+00 5.895733700000000134e-08 4.437662124846881271e-08 5.166697912423440703e-08 7.285706127399591303e-08 8.675678554799183133e-08 3.609526200000000075e-09
3.211999999999999744e+00 6.015099500000000214e-08 4.547425673838415317e-08 5.281262586919207766e-08 7.386922808429856299e-08 8.758746116859712385e-08 3.730595399999999692e-09
3.339999999999999858e+00 5.662359499999999796e-08 4.299539093952194461e-08 4.980949296976097128e-08 6.903963218780795999e-08 8.145566937561591540e-08 3.906615000000000369e-09
3.467999999999999972e+00 5.614619499999999794e-08 4.281951989493316118e-08 4.948285744746657956e-08 6.810454275279757351e-08 8.006289050559514908e-08 3.441198700000000069e-09
3.596000000000000085e+00 5.176897799999999816e-08 3.965366454153114989e-08 4.571132127076557402e-08 6.247119892499639514e-08 7.317341984999279873e-08 4.446222100000000232e-09
3.724000000000000199e+00 5.635460099999999925e-08 4.335415655313187958e-08 4.985437877656593942e-08 6.765416073209912892e-08 7.895372046419825860e-08 4.320265500000000233e-09
3.852000000000000313e+00 5.706616299999999862e-08 4.408781470783617604e-08 5.057698885391808733e-08 6.815512976511489068e-08 7.924409653022978273e-08 4.536319800000000252e-09
3.979999999999999538e+00 5.609695800000000248e-08 4.352469134866906741e-08 4.981082467433453495e-08 6.665260222165964850e-08 7.720824644331928790e-08 5.045294800000000348e-09
4.107999999999999652e+00 5.226406700000000218e-08 4.056243816456282179e-08 4.641325258228141198e-08 6.177897394081844176e-08 7.129388088163688134e-08 5.475017299999999947e-09
4.235999999999999766e+00 5.334294100000000099e-08 4.150162139215364768e-08 4.742228119607682433e-08 6.272959253367613477e-08 7.211624406735226856e-08 5.222066800000000159e-09
4.363999999999999879e+00 6.041872100000000031e-08 4.710402825027595344e-08 5.376137462513797688e-08 7.068467115770906279e-08 8.095062131541812528e-08 7.234389499999999712e-09
4.491999999999999993e+00 6.946004999999999735e-08 5.426490032587301463e-08 6.186247516293650599e-08 8.084394376644554198e-08 9.222783753289108662e-08 8.583224800000000351e-09
4.620000000000000107e+00 7.141554200000000195e-08 5.633700105402265012e-08 6.387627152701132603e-08 8.269051113704537349e-08 9.396548027409074502e-08 7.797751800000000039e-09
4.748000000000000220e+00 6.541404899999999839e-08 5.162675939525833179e-08 5.852040419762916509e-08 7.535184652923893981e-08 8.528964405847788123e-08 8.392936100000000589e-09
4.875999999999999446e+00 7.833168099999999715e-08 6.185060919638533017e-08 7.009114509819266366e-08 8.976779655568533878e-08 1.012039121113706804e-07 8.987783899999999751e-09
5.003999999999999559e+00 8.605589800000000036e-08 6.798122075018256054e-08 7.701855937509128045e-08 9.821053559761179983e-08 1.103651731952235993e-07 1.112336500000000029e-08
5.131999999999999673e+00 7.423295000000000431e-08 5.866887353510673485e-08 6.645091176755336958e-08 8.446066045115326797e-08 9.468837090230653163e-08 1.079923500000000009e-08
5.259999999999999787e+00 8.375373299999999438e-08 6.622437188008788566e-08 7.498905244004394002e-08 9.501561262285457767e-08 1.062774922457091610e-07 1.207285399999999976e-08
5.387999999999999901e+00 1.015782500000000050e-07 8.035413698283809348e-08 9.096619349141904923e-08 1.149009964759516939e-07 1.282237429519033961e-07 1.673858599999999893e-08
5.516000000000000014e+00 1.120116700000000047e-07 8.865007779614011523e-08 1.003308738980700600e-07 1.263337508643300925e-07 1.406558317286601803e-07 2.092461999999999841e-08
5.644000000000000128e+00 1.809442100000000029e-07 1.431227181915265769e-07 1.620334640957632899e-07 2.034853337799422358e-07 2.260264575598844687e-07 3.220904400000000155e-08
5.772000000000000242e+00 1.548075500000000011e-07 1.217664141647628632e-07 1.382869820823814321e-07 1.735855894042355898e-07 1.923636288084711785e-07 2.993332900000000306e-08
5.900000000000000355e+00 1.969628600000000099e-07 1.539599864364588847e-07 1.754614232182294473e-07 2.202109483585672402e-07 2.434590367171344441e-07 3.738963999999999704e-08
6.027999999999999581e+00 2.554400000000000162e-07 1.984224294243354182e-07 2.269312147121677172e-07 2.854381297630169497e-07 3.154362595260338833e-07 4.656702000000000242e-08
6.155999999999999694e+00 1.780787200000000060e-07 1.374618777940400456e-07 1.577702988970200258e-07 1.992274195844208631e-07 2.203761191688417201e-07 4.649499599999999916e-08
6.283999999999999808e+00 1.216763099999999967e-07 9.333290832499213220e-08 1.075046091624960644e-07 1.362879752736121010e-07 1.508996405472242052e-07 4.278718200000000301e-08
6.411999999999999922e+00 1.308349600000000070e-07 9.972414252984328774e-08 1.152795512649216474e-07 1.467200165275599506e-07 1.626050730551198941e-07 4.773135800000000068e-08
6.540000000000000036e+00 1.168057299999999939e-07 8.846665357458726731e-08 1.026361917872936306e-07 1.311425841336665883e-07 1.454794382673331828e-07 5.488540499999999820e-08
6.668000000000000149e+00 2.437609800000000149e-07 1.827775469137669060e-07 2.132692634568834604e-07 2.740048174019518043e-07 3.042486548039035937e-07 9.428354999999999460e-08
6.796000000000000263e+00 2.614740400000000154e-07 1.942135367881969854e-07 2.278437883940985004e-07 2.942636415239281682e-07 3.270532430478563211e-07 1.314819499999999897e-07
6.923999999999999488e+00 3.425547600000000154e-07 2.521340125884784862e-07 2.973443862942392508e-07 3.859701571036249999e-07 4.293855542072499844e-07 1.718299999999999974e-07
7.051999999999999602e+00 3.292090900000000155e-08 2.399369773536870203e-08 2.845730336768435179e-08 3.713740803380905007e-08 4.135390706761809860e-08 7.886654199999999370e-08
7.179999999999999716e+00 nan nan nan nan nan nan
