# # TkB (keV), bestfit, lower, upper
8.617333262145000505e-01 1.546000000000000000e+04 1.389779999999999927e+04 1.694470000000000073e+04
4.308666631072500586e+00 8.355629999999999200e+03 7.489000000000000000e+03 9.172809999999999491e+03
8.617333262145001171e+00 5.062840000000000146e+03 4.528479999999999563e+03 5.569439999999999600e+03
1.292599989321749909e+01 3.707369999999999891e+03 3.316400000000000091e+03 4.079079999999999927e+03
1.723466652429000234e+01 2.985929999999999836e+03 2.673750000000000000e+03 3.283119999999999891e+03
2.154333315536250026e+01 2.537440000000000055e+03 2.275130000000000109e+03 2.787269999999999982e+03
2.585199978643499819e+01 2.227559999999999945e+03 1.999819999999999936e+03 2.444469999999999800e+03
3.446933304858000469e+01 1.816059999999999945e+03 1.633349999999999909e+03 1.989990000000000009e+03
4.308666631072500053e+01 1.544259999999999991e+03 1.389789999999999964e+03 1.691279999999999973e+03
5.170399957286999637e+01 1.343269999999999982e+03 1.208440000000000055e+03 1.471690000000000055e+03
6.032133283501499932e+01 1.183569999999999936e+03 1.063519999999999982e+03 1.298059999999999945e+03
6.893866609716000937e+01 1.050710000000000036e+03 9.425439999999999827e+02 1.154079999999999927e+03
7.755599935930500521e+01 9.371109999999999900e+02 8.389299999999999500e+02 1.031150000000000091e+03
8.617333262145000106e+01 8.384690000000000509e+02 7.489410000000000309e+02 9.244249999999999545e+02
1.292599989321749945e+02 4.974780000000000086e+02 4.389920000000000186e+02 5.541920000000000073e+02
1.723466652429000021e+02 3.095090000000000146e+02 2.697810000000000059e+02 3.482300000000000182e+02
2.154333315536250097e+02 1.988569999999999993e+02 1.711440000000000055e+02 2.259139999999999873e+02
2.585199978643499890e+02 1.300500000000000114e+02 1.104230000000000018e+02 1.492079999999999984e+02
3.016066641750750250e+02 8.596670000000000300e+01 7.196429999999999438e+01 9.962380000000000280e+01
3.446933304858000042e+02 5.734109999999999729e+01 4.731839999999999691e+01 6.710790000000000077e+01
4.308666631072500195e+02 2.605420000000000158e+01 2.093939999999999912e+01 3.103389999999999915e+01
5.170399957286999779e+02 1.104589999999999961e+01 8.694900000000000517e+00 1.333559999999999945e+01
6.032133283501500500e+02 2.528589999999999893e+00 1.961270000000000069e+00 3.081710000000000171e+00
6.893866609716000085e+02 2.758680000000000021e-01 2.118400000000000005e-01 3.383769999999999833e-01
7.755599935930499669e+02 3.251400000000000123e-02 2.479939999999999922e-02 4.005720000000000114e-02
8.617333262145000390e+02 5.191079999999999826e-03 3.941240000000000368e-03 6.415220000000000124e-03
