# E [keV], best_fit, best_fit-sigma, best_fit+sigma
8.617333262145000505e-01 1.546000000000000000e+04 1.541138499810942994e+04 1.782762280937348260e+04
4.308666631072500586e+00 8.355629999999999200e+03 6.966814828322522771e+03 8.956644779619260589e+03
8.617333262145001171e+00 5.062840000000000146e+03 4.147253804595727161e+03 5.434813301471317573e+03
1.292599989321749909e+01 3.707369999999999891e+03 3.035059544294238094e+03 3.979598289257324268e+03
1.723466652429000234e+01 2.985929999999999836e+03 2.454701963724314282e+03 3.202983568849436779e+03
2.154333315536250026e+01 2.537440000000000055e+03 2.098031089585383143e+03 2.719358305719458713e+03
2.585199978643499819e+01 2.227559999999999945e+03 1.852538931845230309e+03 2.385006106685927534e+03
3.446933304858000469e+01 1.816059999999999945e+03 1.525168054146374971e+03 1.941395095056139098e+03
4.308666631072500053e+01 1.544259999999999991e+03 1.305916437621222030e+03 1.649273363602665995e+03
5.170399957286999637e+01 1.343269999999999982e+03 1.141149542478741296e+03 1.434072106101723648e+03
6.032133283501499932e+01 1.183569999999999936e+03 1.008251007671603475e+03 1.263638435558460742e+03
6.893866609716000937e+01 1.050710000000000036e+03 8.963319254195997701e+02 1.122185529446190912e+03
7.755599935930500521e+01 9.371109999999999900e+02 7.997463327530425659e+02 1.001399597472311825e+03
8.617333262145000106e+01 8.384690000000000509e+02 7.153213573200691826e+02 8.965678961022248359e+02
1.292599989321749945e+02 4.974780000000000086e+02 4.211944529182330825e+02 5.338570850194161039e+02
1.723466652429000021e+02 3.095090000000000146e+02 2.590391755433245748e+02 3.331779842281561059e+02
2.154333315536250097e+02 1.988569999999999993e+02 1.642768748473627340e+02 2.146156713132745040e+02
2.585199978643499890e+02 1.300500000000000114e+02 1.059228257097557986e+02 1.406690944187873242e+02
3.016066641750750250e+02 8.596670000000000300e+01 6.895655107847599652e+01 9.317689874675400574e+01
3.446933304858000042e+02 5.734109999999999729e+01 4.525443160142941679e+01 6.227081877224180317e+01
4.308666631072500195e+02 2.605420000000000158e+01 1.987509601253016811e+01 2.839708477776224171e+01
5.170399957286999779e+02 1.104589999999999961e+01 8.148726174293480895e+00 1.207870937815400225e+01
6.032133283501500500e+02 2.528589999999999893e+00 1.808872882362291712e+00 2.772955483776978092e+00
6.893866609716000085e+02 2.758680000000000021e-01 1.920553955892482512e-01 3.032758459986447663e-01
7.755599935930499669e+02 3.251400000000000123e-02 2.210673371958398956e-02 3.582078038341341558e-02
8.617333262145000390e+02 5.191079999999999826e-03 3.457540489667178599e-03 5.729757046094709032e-03
