# T [GK], best_fit, best_fit-sigma, best_fit+sigma
1.000000000000000021e-02 1.546000000000000000e+04 1.536276999621885989e+04 1.541138499810942994e+04 1.782762280937348260e+04 2.019524561874696519e+04
5.000000000000000278e-02 8.355629999999999200e+03 5.577999656645046343e+03 6.966814828322522771e+03 8.956644779619260589e+03 9.557659559238521979e+03
1.000000000000000056e-01 5.062840000000000146e+03 3.231667609191454176e+03 4.147253804595727161e+03 5.434813301471317573e+03 5.806786602942635000e+03
1.499999999999999944e-01 3.707369999999999891e+03 2.362749088588476297e+03 3.035059544294238094e+03 3.979598289257324268e+03 4.251826578514648645e+03
2.000000000000000111e-01 2.985929999999999836e+03 1.923473927448628729e+03 2.454701963724314282e+03 3.202983568849436779e+03 3.420037137698873721e+03
2.500000000000000000e-01 2.537440000000000055e+03 1.658622179170766231e+03 2.098031089585383143e+03 2.719358305719458713e+03 2.901276611438917371e+03
2.999999999999999889e-01 2.227559999999999945e+03 1.477517863690460672e+03 1.852538931845230309e+03 2.385006106685927534e+03 2.542452213371855123e+03
4.000000000000000222e-01 1.816059999999999945e+03 1.234276108292749996e+03 1.525168054146374971e+03 1.941395095056139098e+03 2.066730190112278251e+03
5.000000000000000000e-01 1.544259999999999991e+03 1.067572875242444070e+03 1.305916437621222030e+03 1.649273363602665995e+03 1.754286727205331999e+03
5.999999999999999778e-01 1.343269999999999982e+03 9.390290849574826098e+02 1.141149542478741296e+03 1.434072106101723648e+03 1.524874212203447314e+03
6.999999999999999556e-01 1.183569999999999936e+03 8.329320153432070128e+02 1.008251007671603475e+03 1.263638435558460742e+03 1.343706871116921548e+03
8.000000000000000444e-01 1.050710000000000036e+03 7.419538508391995038e+02 8.963319254195997701e+02 1.122185529446190912e+03 1.193661058892381789e+03
9.000000000000000222e-01 9.371109999999999900e+02 6.623816655060851417e+02 7.997463327530425659e+02 1.001399597472311825e+03 1.065688194944623774e+03
1.000000000000000000e+00 8.384690000000000509e+02 5.921737146401383143e+02 7.153213573200691826e+02 8.965678961022248359e+02 9.546667922044496208e+02
1.500000000000000000e+00 4.974780000000000086e+02 3.449109058364661564e+02 4.211944529182330825e+02 5.338570850194161039e+02 5.702361700388321424e+02
2.000000000000000000e+00 3.095090000000000146e+02 2.085693510866491351e+02 2.590391755433245748e+02 3.331779842281561059e+02 3.568469684563121973e+02
2.500000000000000000e+00 1.988569999999999993e+02 1.296967496947254688e+02 1.642768748473627340e+02 2.146156713132745040e+02 2.303743426265490086e+02
3.000000000000000000e+00 1.300500000000000114e+02 8.179565141951158580e+01 1.059228257097557986e+02 1.406690944187873242e+02 1.512881888375746371e+02
3.500000000000000000e+00 8.596670000000000300e+01 5.194640215695199004e+01 6.895655107847599652e+01 9.317689874675400574e+01 1.003870974935080085e+02
4.000000000000000000e+00 5.734109999999999729e+01 3.316776320285883628e+01 4.525443160142941679e+01 6.227081877224180317e+01 6.720053754448360905e+01
5.000000000000000000e+00 2.605420000000000158e+01 1.369599202506033464e+01 1.987509601253016811e+01 2.839708477776224171e+01 3.073996955552448185e+01
6.000000000000000000e+00 1.104589999999999961e+01 5.251552348586962182e+00 8.148726174293480895e+00 1.207870937815400225e+01 1.311151875630800490e+01
7.000000000000000000e+00 2.528589999999999893e+00 1.089155764724583531e+00 1.808872882362291712e+00 2.772955483776978092e+00 3.017320967553956290e+00
8.000000000000000000e+00 2.758680000000000021e-01 1.082427911784965002e-01 1.920553955892482512e-01 3.032758459986447663e-01 3.306836919972895306e-01
9.000000000000000000e+00 3.251400000000000123e-02 1.169946743916797788e-02 2.210673371958398956e-02 3.582078038341341558e-02 3.912756076682682993e-02
1.000000000000000000e+01 5.191079999999999826e-03 1.724000979334357371e-03 3.457540489667178599e-03 5.729757046094709032e-03 6.268434092189418237e-03
