# T [GK], best_fit, best_fit-2*sigma, best_fit-sigma, best_fit+sigma, best_fit+2*sigma
1.000000000000000021e-02 3.790310000000000000e+08 3.766482776867504120e+08 3.778396388433752060e+08 4.370786765487130284e+08 4.951263530974260569e+08
5.000000000000000278e-02 4.580680000000000000e+08 3.057938949751454592e+08 3.819309474875727296e+08 4.910166345122703910e+08 5.239652690245407820e+08
1.000000000000000056e-01 3.925180000000000000e+08 2.505505960591454506e+08 3.215342980295727253e+08 4.213576824120065570e+08 4.501973648240131140e+08
1.499999999999999944e-01 3.520280000000000000e+08 2.243516934408247471e+08 2.881898467204123735e+08 3.778769760767056346e+08 4.037259521534112692e+08
2.000000000000000111e-01 3.273860000000000000e+08 2.108954794467712641e+08 2.691407397233856320e+08 3.511838180925288200e+08 3.749816361850576401e+08
2.500000000000000000e-01 3.110500000000000000e+08 2.033222823659086823e+08 2.571861411829543412e+08 3.333513436355150342e+08 3.556526872710300684e+08
2.999999999999999889e-01 2.991270000000000000e+08 1.984089572809163332e+08 2.487679786404581666e+08 3.202695520684171915e+08 3.414121041368343830e+08
4.000000000000000222e-01 2.815960000000000000e+08 1.913834513162673712e+08 2.364897256581336856e+08 3.010299405236223936e+08 3.204638810472447872e+08
5.000000000000000000e-01 2.677130000000000000e+08 1.850772535234200954e+08 2.263951267617100477e+08 2.859187244437530041e+08 3.041244488875060081e+08
5.999999999999999778e-01 2.550970000000000000e+08 1.783275825243284702e+08 2.167122912621642351e+08 2.723408577080503702e+08 2.895847154161007404e+08
6.999999999999999556e-01 2.427770000000000000e+08 1.708535113116413951e+08 2.068152556558206975e+08 2.592017187085275054e+08 2.756264374170550108e+08
8.000000000000000444e-01 2.304060000000000000e+08 1.626999309303742051e+08 1.965529654651871026e+08 2.460789587382650077e+08 2.617519174765300155e+08
9.000000000000000222e-01 2.179610000000000000e+08 1.540609323543437123e+08 1.860109661771718562e+08 2.329123503797066510e+08 2.478637007594133019e+08
1.000000000000000000e+00 2.055670000000000000e+08 1.451823519730765224e+08 1.753746759865382612e+08 2.198108329881707728e+08 2.340546659763415456e+08
1.500000000000000000e+00 1.493780000000000000e+08 1.035654317295802832e+08 1.264717158647901416e+08 1.603013679571020007e+08 1.712247359142040014e+08
2.000000000000000000e+00 1.073130000000000000e+08 7.231596486000010371e+07 8.981448243000005186e+07 1.155199048377750069e+08 1.237268096755500138e+08
2.500000000000000000e+00 7.708630000000000000e+07 5.027668027660161257e+07 6.368149013830080628e+07 8.319519517816926539e+07 8.930409035633853078e+07
3.000000000000000000e+00 5.522500000000000000e+07 3.473456549936495721e+07 4.497978274968247861e+07 5.973464314428749681e+07 6.424428628857499361e+07
3.500000000000000000e+00 3.943030000000000000e+07 2.382618075612523407e+07 3.162824037806261703e+07 4.273735751420833915e+07 4.604441502841667831e+07
4.000000000000000000e+00 2.811650000000000000e+07 1.626341532938017696e+07 2.218995766469008848e+07 3.053381983962837234e+07 3.295113967925674468e+07
5.000000000000000000e+00 1.428330000000000000e+07 7.508406712232839316e+06 1.089585335611641966e+07 1.556776017471309751e+07 1.685222034942619503e+07
6.000000000000000000e+00 6.633490000000000000e+06 3.153769626350160688e+06 4.893629813175080344e+06 7.253728355903075077e+06 7.873966711806150153e+06
7.000000000000000000e+00 1.640190000000000000e+06 7.064868204196197912e+05 1.173338410209809896e+06 1.798691419468045700e+06 1.957192838936091401e+06
8.000000000000000000e+00 1.912980000000000000e+05 7.506196867267199559e+04 1.331799843363359978e+05 2.103042885932947393e+05 2.293105771865894785e+05
9.000000000000000000e+00 2.391429999999999927e+04 8.605103383348883654e+03 1.625970169167444146e+04 2.634644270883344871e+04 2.877858541766689814e+04
1.000000000000000000e+01 4.024610000000000127e+03 1.336599895088858375e+03 2.680604947544429251e+03 4.442241957411041767e+03 4.859873914822082952e+03
