# T [GK], best_fit, best_fit-sigma, best_fit+sigma
1.000000000000000021e-02 8.198780000000000000e+07 8.190717555247461796e+07 8.565565902074794471e+07
5.000000000000000278e-02 1.263530000000000000e+08 1.219327244086068720e+08 1.284166121820420325e+08
1.000000000000000056e-01 1.542380000000000000e+08 1.455440683647481203e+08 1.574540702033908069e+08
1.499999999999999944e-01 1.712350000000000000e+08 1.593495216318664551e+08 1.755192098401609063e+08
2.000000000000000111e-01 1.831660000000000000e+08 1.688078114665076733e+08 1.883837278689440489e+08
2.500000000000000000e-01 1.917090000000000000e+08 1.754585196739084721e+08 1.977205636450586319e+08
2.999999999999999889e-01 1.974990000000000000e+08 1.798288098645420671e+08 2.041667778131862283e+08
4.000000000000000222e-01 2.027870000000000000e+08 1.833164815756184161e+08 2.104225384206959903e+08
5.000000000000000000e-01 2.023550000000000000e+08 1.820011173243588507e+08 2.106146312994602919e+08
5.999999999999999778e-01 1.983380000000000000e+08 1.776720988092023432e+08 2.069765719292731881e+08
6.999999999999999556e-01 1.919530000000000000e+08 1.713646259589504302e+08 2.007836028888612688e+08
8.000000000000000444e-01 1.839450000000000000e+08 1.637147350919313729e+08 1.928118757899287045e+08
9.000000000000000222e-01 1.748430000000000000e+08 1.551835898186183870e+08 1.836195119218388200e+08
1.000000000000000000e+00 1.650740000000000000e+08 1.461416446521031260e+08 1.736546325739548504e+08
1.500000000000000000e+00 1.160710000000000000e+08 1.017285741514008045e+08 1.228661726408642381e+08
2.000000000000000000e+00 7.766900000000000000e+07 6.755381094996339083e+07 8.253454700494302809e+07
2.500000000000000000e+00 5.123570000000000000e+07 4.422199448176299781e+07 5.460355599809129536e+07
3.000000000000000000e+00 3.383420000000000000e+07 2.890715567077749968e+07 3.615705274813017994e+07
3.500000000000000000e+00 2.266970000000000000e+07 1.908632373186603934e+07 2.429966422654281557e+07
4.000000000000000000e+00 1.559210000000000000e+07 1.286666969936412945e+07 1.677145827624769136e+07
5.000000000000000000e+00 8.058460000000000000e+06 6.312348627507294528e+06 8.734473366789426655e+06
6.000000000000000000e+00 4.133090000000000000e+06 3.067835300047941040e+06 4.510490149487895891e+06
7.000000000000000000e+00 1.157060000000000000e+06 8.211589962798479246e+05 1.269257179385160794e+06
8.000000000000000000e+00 1.515080000000000000e+05 1.038126421601565817e+05 1.668367009983680327e+05
9.000000000000000000e+00 2.085090000000000146e+04 1.389099102757100445e+04 2.302966462216760556e+04
1.000000000000000000e+01 3.786280000000000200e+03 2.463283692422597596e+03 4.192566467527329223e+03
