# Energy [MeV], best_fit, best_fit-sigma, best_fit+sigma, staterr
-7.560000000000000053e-01 nan nan nan nan
-6.280000000000000027e-01 nan nan nan nan
-5.000000000000000000e-01 nan nan nan nan
-3.719999999999999973e-01 nan nan nan nan
-2.439999999999999947e-01 3.397632600000000114e+00 3.173232383565296910e+00 3.680157532771591633e+00 6.577870200000000001e-01
-1.159999999999999920e-01 5.220359799999999773e+00 4.893000338846782427e+00 5.608506132209156725e+00 8.194428099999999660e-01
1.200000000000001066e-02 8.871045099999999906e+00 8.337375322518299825e+00 9.454082532507030123e+00 1.090918499999999902e+00
1.400000000000000133e-01 1.002112699999999990e+01 9.443890325563550903e+00 1.059398132276900384e+01 1.344698200000000066e+00
2.680000000000000160e-01 1.587292200000000086e+01 1.498895124204309504e+01 1.668633805408590121e+01 1.982640399999999969e+00
3.960000000000001297e-01 2.438253800000000027e+01 2.299235983461333888e+01 2.558251305218675142e+01 2.124928500000000220e+00
5.240000000000000213e-01 3.356201200000000284e+01 3.148896886586857846e+01 3.513413898143898706e+01 3.018778300000000137e+00
6.519999999999999130e-01 4.346028900000000306e+01 4.060450704590213888e+01 4.541187675647199740e+01 3.259105400000000152e+00
7.800000000000000266e-01 5.269066200000000322e+01 4.896415543678824633e+01 5.499935377705739370e+01 4.752111400000000430e+00
9.080000000000001403e-01 6.740926399999999319e+01 6.216436622158454384e+01 7.030885733664801762e+01 5.479689600000000382e+00
1.036000000000000032e+00 8.323830399999999941e+01 7.623582733948582302e+01 8.678209290427550116e+01 6.756014300000000361e+00
1.163999999999999924e+00 1.224259799999999956e+02 1.112672381915946715e+02 1.278011652901442545e+02 8.998615300000000872e+00
1.292000000000000037e+00 1.783250999999999920e+02 1.607999533676549504e+02 1.867221742230416623e+02 1.084490100000000012e+01
1.420000000000000151e+00 2.462001999999999953e+02 2.202580795755241638e+02 2.580925330983141066e+02 1.624792499999999862e+01
1.548000000000000265e+00 3.215482499999999959e+02 2.854037869415943760e+02 3.374802512882662882e+02 2.120932600000000079e+01
1.675999999999999934e+00 4.246976000000000226e+02 3.739930837104782881e+02 4.465925779336120058e+02 2.642092099999999988e+01
1.804000000000000048e+00 6.189045399999999972e+02 5.407267785890663845e+02 6.520563051211506718e+02 3.196849100000000021e+01
1.932000000000000162e+00 9.758500999999999976e+02 8.458780080902494092e+02 1.030088086678994159e+03 3.793009599999999892e+01
2.059999999999999609e+00 1.144720800000000054e+03 9.844521881084324377e+02 1.208913083113024868e+03 5.900553899999999885e+01
2.187999999999999723e+00 1.444109699999999975e+03 1.232157037337493875e+03 1.529222258016220621e+03 7.585268399999999644e+01
2.315999999999999837e+00 1.721242400000000089e+03 1.457064341181014242e+03 1.827679903479129734e+03 1.013377799999999951e+02
2.443999999999999950e+00 2.232735599999999977e+03 1.875187736035239368e+03 2.382059900452329657e+03 1.216872000000000043e+02
2.572000000000000064e+00 2.935595699999999852e+03 2.441888790513450203e+03 3.147308020132224101e+03 1.853167699999999911e+02
2.700000000000000178e+00 3.960436799999999948e+03 3.261355336122792323e+03 4.266912871319080296e+03 2.078011300000000006e+02
2.828000000000000291e+00 4.922887200000000121e+03 4.013288376818728921e+03 5.329889967378768233e+03 3.151048599999999738e+02
2.956000000000000405e+00 6.373396499999999833e+03 5.143716271946932466e+03 6.934208278170274752e+03 3.929078999999999837e+02
3.083999999999999631e+00 8.105958999999999833e+03 6.476437033664541559e+03 8.862539494283691965e+03 5.141232300000000350e+02
3.211999999999999744e+00 1.090021899999999914e+04 8.621696797020749727e+03 1.197614020480054751e+04 6.500801999999999907e+02
3.339999999999999858e+00 1.429352399999999943e+04 1.119238820870715062e+04 1.578152203537616697e+04 9.079102799999999434e+02
3.467999999999999972e+00 1.722011500000000160e+04 1.334890522888113082e+04 1.910617624664307732e+04 1.140108899999999949e+03
3.596000000000000085e+00 1.894934800000000178e+04 1.454219334090114171e+04 2.112807718759391355e+04 1.359864100000000008e+03
3.724000000000000199e+00 2.564843899999999849e+04 1.948600072023556277e+04 2.873785303264291360e+04 2.201327600000000075e+03
3.852000000000000313e+00 3.591786299999999756e+04 2.701461311602025671e+04 4.044197801853831334e+04 2.553385000000000218e+03
3.979999999999999538e+00 4.108316799999999785e+04 3.058992378962501243e+04 4.648507630757778679e+04 3.385748300000000199e+03
4.107999999999999652e+00 4.885898000000000320e+04 3.601517603939241963e+04 5.555493344355389854e+04 4.906363299999999981e+03
4.235999999999999766e+00 6.403177300000000105e+04 4.672651949458133458e+04 7.316477039582065481e+04 6.438082999999999629e+03
4.363999999999999879e+00 8.522762500000000000e+04 6.157080388421046518e+04 9.786223732470857794e+04 8.726247100000000501e+03
4.491999999999999993e+00 1.179984100000000035e+05 8.439126724418498634e+04 1.361567807461771881e+05 1.302264999999999964e+04
4.620000000000000107e+00 1.441765499999999884e+05 1.020804638467043551e+05 1.671806748265167407e+05 1.908945899999999892e+04
4.748000000000000220e+00 1.843669800000000105e+05 1.292285246184938733e+05 2.148340253443382098e+05 2.320362700000000041e+04
4.875999999999999446e+00 2.602782000000000116e+05 1.806092012661118933e+05 3.047797902538652415e+05 3.913858999999999651e+04
5.003999999999999559e+00 2.438780799999999872e+05 1.675337102421718591e+05 2.869787198806449887e+05 3.866834399999999732e+04
5.131999999999999673e+00 2.986110900000000256e+05 2.030778058407882927e+05 3.531111557376843994e+05 6.654021099999999569e+04
5.259999999999999787e+00 3.981090300000000279e+05 2.680316816487617907e+05 4.730817162850691820e+05 8.556046899999999732e+04
5.387999999999999901e+00 4.773113800000000047e+05 3.181362798775544506e+05 5.699864747460857034e+05 1.410683299999999872e+05
5.516000000000000014e+00 8.075548100000000559e+05 5.328576014076661086e+05 9.690885776963009266e+05 2.094865199999999895e+05
5.644000000000000128e+00 7.858831899999999441e+05 5.133630944642159157e+05 9.477160112449529115e+05 2.949280000000000000e+05
5.772000000000000242e+00 8.039621199999999953e+05 5.199124681590580731e+05 9.742818532720394433e+05 4.211716900000000023e+05
5.900000000000000355e+00 1.399396399999999907e+06 8.959079187596614938e+05 1.704192369345464511e+06 7.869301899999999441e+05
6.027999999999999581e+00 nan nan nan nan
6.155999999999999694e+00 nan nan nan nan
6.283999999999999808e+00 nan nan nan nan
6.411999999999999922e+00 nan nan nan nan
6.540000000000000036e+00 nan nan nan nan
6.668000000000000149e+00 nan nan nan nan
6.796000000000000263e+00 nan nan nan nan
6.923999999999999488e+00 nan nan nan nan
7.051999999999999602e+00 nan nan nan nan
7.179999999999999716e+00 nan nan nan nan
