# Energy [MeV], best_fit, best_fit-2*sigma, best_fit-sigma, best_fit+sigma, best_fit+2*sigma, staterr
-7.560000000000000053e-01 nan nan nan nan nan nan
-6.280000000000000027e-01 nan nan nan nan nan nan
-5.000000000000000000e-01 nan nan nan nan nan nan
-3.719999999999999973e-01 nan nan nan nan nan nan
-2.439999999999999947e-01 3.892399999999999860e+00 3.452087691074809950e+00 3.672243845537404905e+00 4.158867508338824237e+00 4.425335016677648170e+00 7.535747299999999704e-01
-1.159999999999999920e-01 5.775949500000000292e+00 5.159511968237588952e+00 5.467730734118794622e+00 6.130477175319516192e+00 6.485004850639032092e+00 9.066540600000000394e-01
1.200000000000001066e-02 9.479374899999999826e+00 8.528529553504576199e+00 9.003952226752288013e+00 9.994571208387874606e+00 1.050976751677574939e+01 1.165727900000000039e+00
1.400000000000000133e-01 1.034197200000000016e+01 9.371211435845934190e+00 9.856591717922967177e+00 1.083182826751795425e+01 1.132168453503590833e+01 1.387751200000000074e+00
2.680000000000000160e-01 1.582069800000000015e+01 1.426421136393265954e+01 1.504245468196632984e+01 1.645706518910084881e+01 1.709343237820169747e+01 1.976117399999999913e+00
3.960000000000001297e-01 2.347089000000000070e+01 2.114511036018570067e+01 2.230800018009285068e+01 2.442266389470925247e+01 2.537443778941850425e+01 2.045478800000000152e+00
5.240000000000000213e-01 3.120186999999999955e+01 2.787924691881908501e+01 2.954055845940954228e+01 3.240201362755967551e+01 3.360215725511935148e+01 2.806492099999999823e+00
6.519999999999999130e-01 3.902178200000000174e+01 3.457897849632776399e+01 3.680038024816388287e+01 4.056599006395071427e+01 4.211019812790142680e+01 2.926260000000000083e+00
7.800000000000000266e-01 4.569094499999999925e+01 4.015353012539026167e+01 4.292223756269513046e+01 4.754979734525426238e+01 4.940864969050852551e+01 4.120814799999999778e+00
9.080000000000001403e-01 5.645442599999999800e+01 4.919989040426217741e+01 5.282715820213108771e+01 5.881391774316819721e+01 6.117340948633639641e+01 4.589172399999999818e+00
1.036000000000000032e+00 6.732610300000000336e+01 5.825050335161542137e+01 6.278830317580771236e+01 7.021490731342680647e+01 7.310371162685360957e+01 5.464505199999999618e+00
1.163999999999999924e+00 9.563477299999999559e+01 8.201533134888452992e+01 8.882505217444226275e+01 9.984476625580968800e+01 1.040547595116193804e+02 7.029394100000000201e+00
1.292000000000000037e+00 1.345354299999999910e+02 1.143565078688905601e+02 1.244459689344452755e+02 1.406079911144170751e+02 1.466805522288341592e+02 8.181817999999999813e+00
1.420000000000000151e+00 1.793884899999999902e+02 1.511280424684861146e+02 1.652582662342430524e+02 1.876858669077709010e+02 1.959832438155418117e+02 1.183870100000000036e+01
1.548000000000000265e+00 2.262737700000000132e+02 1.889262680154358236e+02 2.076000190077179184e+02 2.369927672400327481e+02 2.477117644800654830e+02 1.492501900000000070e+01
1.675999999999999934e+00 2.886354999999999791e+02 2.388341806353614629e+02 2.637348403176807210e+02 3.026317261180245168e+02 3.166279522360490546e+02 1.795634300000000039e+01
1.804000000000000048e+00 4.062334599999999796e+02 3.331131050984694753e+02 3.696732825492347274e+02 4.263873559324167672e+02 4.465412518648335549e+02 2.098331599999999852e+01
1.932000000000000162e+00 6.186100500000000011e+02 5.026699240472903512e+02 5.606399870236451761e+02 6.499943291698577923e+02 6.813786083397155835e+02 2.404461500000000029e+01
2.059999999999999609e+00 7.008341100000000097e+02 5.643017724067199197e+02 6.325679412033599647e+02 7.371771599320039741e+02 7.735202098640079384e+02 3.612504599999999755e+01
2.187999999999999723e+00 8.538823200000000497e+02 6.812456842280051887e+02 7.675640021140026192e+02 8.991221477037701106e+02 9.443619754075401715e+02 4.485065500000000327e+01
2.315999999999999837e+00 9.829282799999999725e+02 7.721344134076078944e+02 8.775313467038039335e+02 1.035348288216385754e+03 1.087768296432771422e+03 5.786969400000000263e+01
2.443999999999999950e+00 1.231399200000000064e+03 9.572565052763186486e+02 1.094327852638159357e+03 1.300679088645846377e+03 1.369958977291692690e+03 6.711297600000000330e+01
2.572000000000000064e+00 1.563650799999999890e+03 1.197324075680600799e+03 1.380487437840300345e+03 1.656218152835522915e+03 1.748785505671045939e+03 9.870934300000000405e+01
2.700000000000000178e+00 2.037363900000000058e+03 1.536972790380267497e+03 1.787168345190133778e+03 2.164109322139588130e+03 2.290854744279175975e+03 1.068989399999999961e+02
2.828000000000000291e+00 2.445836200000000190e+03 1.817586137617041004e+03 2.131711168808520597e+03 2.605373792656594105e+03 2.764911385313188021e+03 1.565534399999999948e+02
2.956000000000000405e+00 3.058159700000000157e+03 2.238422299716862653e+03 2.648290999858431405e+03 3.266894824610114938e+03 3.475629949220229719e+03 1.885297999999999945e+02
3.083999999999999631e+00 3.756432600000000093e+03 2.707779531147255511e+03 3.232106065573627802e+03 4.024229129852053120e+03 4.292025659704106147e+03 2.382530500000000018e+02
3.211999999999999744e+00 4.878523400000000038e+03 3.462761238331131608e+03 4.170642319165565823e+03 5.241162768786868583e+03 5.603802137573737127e+03 2.909511999999999716e+02
3.339999999999999858e+00 6.178375500000000102e+03 4.317616389076063570e+03 5.247995944538031836e+03 6.656495877787316203e+03 7.134616255574632305e+03 3.924441800000000171e+02
3.467999999999999972e+00 7.188746600000000399e+03 4.945340635652035417e+03 6.067043617826017908e+03 7.767061759339702803e+03 8.345376918679405208e+03 4.759523300000000177e+02
3.596000000000000085e+00 7.640000000000000000e+03 5.173036025282070113e+03 6.406518012641035057e+03 8.278070723584551160e+03 8.916141447169102321e+03 5.482702000000000453e+02
3.724000000000000199e+00 9.987151400000000649e+03 6.654841907678628559e+03 8.320996653839314604e+03 1.085200009577239689e+04 1.171684879154479313e+04 8.571668700000000172e+02
3.852000000000000313e+00 1.350744900000000052e+04 8.856160031315925153e+03 1.118180451565796284e+04 1.471884544409975206e+04 1.593024188819950359e+04 9.602385900000000447e+02
3.979999999999999538e+00 1.492136399999999958e+04 9.624714117105029800e+03 1.227303905855251469e+04 1.630576533227033724e+04 1.769016666454067308e+04 1.229700299999999970e+03
4.107999999999999652e+00 1.713843600000000151e+04 1.087395001561088793e+04 1.400619300780544472e+04 1.878175355150524410e+04 2.042507110301048669e+04 1.721022300000000087e+03
4.235999999999999766e+00 2.169224599999999919e+04 1.353578828335782600e+04 1.761401714167891259e+04 2.383974020588496933e+04 2.598723441176993947e+04 2.181049599999999828e+03
4.363999999999999879e+00 2.788503099999999904e+04 1.772565349647002222e+04 2.280534224823501063e+04 3.074014626934793705e+04 3.359526153869587870e+04 2.855079799999999977e+03
4.491999999999999993e+00 3.728624599999999919e+04 2.326658048224839149e+04 3.027641324112419534e+04 4.122373208335772506e+04 4.516121816671545093e+04 4.115019500000000335e+03
4.620000000000000107e+00 4.399965600000000268e+04 2.695428627860991401e+04 3.547697113930495834e+04 4.883926754966163571e+04 5.367887909932326875e+04 5.825702599999999620e+03
4.748000000000000220e+00 5.433999599999999919e+04 3.266340783764567459e+04 4.350170191882283689e+04 6.050099751975438994e+04 6.666199903950878070e+04 6.838995600000000195e+03
4.875999999999999446e+00 7.408939100000000326e+04 4.368816644080262631e+04 5.888877872040131479e+04 8.274125548016429821e+04 9.139311996032859315e+04 1.114097999999999956e+04
5.003999999999999559e+00 6.704604700000000594e+04 3.877419607933684892e+04 5.291012153966842743e+04 7.510383298655589169e+04 8.316161897311177745e+04 1.063055600000000049e+04
5.131999999999999673e+00 7.928446899999999732e+04 4.495902072537061758e+04 6.212174486268530745e+04 8.908421777479817683e+04 9.888396654959635634e+04 1.766714500000000044e+04
5.259999999999999787e+00 1.020859499999999971e+05 5.674716314350151515e+04 7.941655657175075612e+04 1.150540758934443584e+05 1.280222017868887197e+05 2.194002500000000146e+04
5.387999999999999901e+00 1.182082799999999988e+05 6.439665767369067180e+04 9.130246883684533532e+04 1.336309327417650493e+05 1.490535854835300997e+05 3.493619900000000052e+04
5.516000000000000014e+00 1.931522999999999884e+05 1.030950747668268741e+05 1.481236873834134312e+05 2.190195792685658962e+05 2.448868585371318040e+05 5.010533200000000215e+04
5.644000000000000128e+00 1.815382000000000116e+05 9.490880233032238903e+04 1.382235011651612003e+05 2.064782318479716196e+05 2.314182636959432275e+05 6.812807000000000698e+04
5.772000000000000242e+00 1.793607500000000000e+05 9.182151288900949294e+04 1.355911314445047465e+05 2.046243611267869419e+05 2.298879722535738838e+05 9.396172699999999895e+04
5.900000000000000355e+00 3.015187500000000000e+05 1.511055345408901339e+05 2.263121422704450670e+05 3.450388712673388654e+05 3.885589925346777309e+05 1.695546900000000023e+05
6.027999999999999581e+00 nan nan nan nan nan nan
6.155999999999999694e+00 nan nan nan nan nan nan
6.283999999999999808e+00 nan nan nan nan nan nan
6.411999999999999922e+00 nan nan nan nan nan nan
6.540000000000000036e+00 nan nan nan nan nan nan
6.668000000000000149e+00 nan nan nan nan nan nan
6.796000000000000263e+00 nan nan nan nan nan nan
6.923999999999999488e+00 nan nan nan nan nan nan
7.051999999999999602e+00 nan nan nan nan nan nan
7.179999999999999716e+00 nan nan nan nan nan nan
