# # T (GK), bestfit, lower, upper
1.000000000000000021e-02 3.790310000000000000e+08 3.407310000000000000e+08 4.154310000000000000e+08
5.000000000000000278e-02 4.580680000000000000e+08 4.105580000000000000e+08 5.028670000000000000e+08
1.000000000000000056e-01 3.925180000000000000e+08 3.510900000000000000e+08 4.317950000000000000e+08
1.499999999999999944e-01 3.520280000000000000e+08 3.149040000000000000e+08 3.873230000000000000e+08
2.000000000000000111e-01 3.273860000000000000e+08 2.931580000000000000e+08 3.599710000000000000e+08
2.500000000000000000e-01 3.110500000000000000e+08 2.788960000000000000e+08 3.416760000000000000e+08
2.999999999999999889e-01 2.991270000000000000e+08 2.685450000000000000e+08 3.282550000000000000e+08
4.000000000000000222e-01 2.815960000000000000e+08 2.532650000000000000e+08 3.085660000000000000e+08
5.000000000000000000e-01 2.677130000000000000e+08 2.409350000000000000e+08 2.932020000000000000e+08
5.999999999999999778e-01 2.550970000000000000e+08 2.294910000000000000e+08 2.794850000000000000e+08
6.999999999999999556e-01 2.427770000000000000e+08 2.181530000000000000e+08 2.662620000000000000e+08
8.000000000000000444e-01 2.304060000000000000e+08 2.066870000000000000e+08 2.530730000000000000e+08
9.000000000000000222e-01 2.179610000000000000e+08 1.951250000000000000e+08 2.398330000000000000e+08
1.000000000000000000e+00 2.055670000000000000e+08 1.836170000000000000e+08 2.266410000000000000e+08
1.500000000000000000e+00 1.493780000000000000e+08 1.318160000000000000e+08 1.664070000000000000e+08
2.000000000000000000e+00 1.073130000000000000e+08 9.353890000000000000e+07 1.207390000000000000e+08
2.500000000000000000e+00 7.708630000000000000e+07 6.634330000000000000e+07 8.757490000000000000e+07
3.000000000000000000e+00 5.522500000000000000e+07 4.689080000000000000e+07 6.336070000000000000e+07
3.500000000000000000e+00 3.943030000000000000e+07 3.300780000000000000e+07 4.569440000000000000e+07
4.000000000000000000e+00 2.811650000000000000e+07 2.320200000000000000e+07 3.290560000000000000e+07
5.000000000000000000e+00 1.428330000000000000e+07 1.147930000000000000e+07 1.701330000000000000e+07
6.000000000000000000e+00 6.633490000000000000e+06 5.221630000000000000e+06 8.008550000000000000e+06
7.000000000000000000e+00 1.640190000000000000e+06 1.272190000000000000e+06 1.998970000000000000e+06
8.000000000000000000e+00 1.912980000000000000e+05 1.468990000000000000e+05 2.346450000000000000e+05
9.000000000000000000e+00 2.391429999999999927e+04 1.824009999999999854e+04 2.946240000000000146e+04
1.000000000000000000e+01 4.024610000000000127e+03 3.055619999999999891e+03 4.973670000000000073e+03
