# # T (GK), bestfit, lower, upper
1.000000000000000021e-02 8.198780000000000000e+07 7.925450000000000000e+07 8.430150000000000000e+07
5.000000000000000278e-02 1.263530000000000000e+08 1.229960000000000000e+08 1.291180000000000000e+08
1.000000000000000056e-01 1.542380000000000000e+08 1.490330000000000000e+08 1.585650000000000000e+08
1.499999999999999944e-01 1.712350000000000000e+08 1.643440000000000000e+08 1.770350000000000000e+08
2.000000000000000111e-01 1.831660000000000000e+08 1.748090000000000000e+08 1.902740000000000000e+08
2.500000000000000000e-01 1.917090000000000000e+08 1.821060000000000000e+08 1.999450000000000000e+08
2.999999999999999889e-01 1.974990000000000000e+08 1.868660000000000000e+08 2.066850000000000000e+08
4.000000000000000222e-01 2.027870000000000000e+08 1.906270000000000000e+08 2.134220000000000000e+08
5.000000000000000000e-01 2.023550000000000000e+08 1.891910000000000000e+08 2.139910000000000000e+08
5.999999999999999778e-01 1.983380000000000000e+08 1.845390000000000000e+08 2.106520000000000000e+08
6.999999999999999556e-01 1.919530000000000000e+08 1.778040000000000000e+08 2.046890000000000000e+08
8.000000000000000444e-01 1.839450000000000000e+08 1.696840000000000000e+08 1.968800000000000000e+08
9.000000000000000222e-01 1.748430000000000000e+08 1.606740000000000000e+08 1.877810000000000000e+08
1.000000000000000000e+00 1.650740000000000000e+08 1.511640000000000000e+08 1.778480000000000000e+08
1.500000000000000000e+00 1.160710000000000000e+08 1.048410000000000000e+08 1.265820000000000000e+08
2.000000000000000000e+00 7.766900000000000000e+07 6.946670000000000000e+07 8.541970000000000000e+07
2.500000000000000000e+00 5.123570000000000000e+07 4.540540000000000000e+07 5.677460000000000000e+07
3.000000000000000000e+00 3.383420000000000000e+07 2.965460000000000000e+07 3.781800000000000000e+07
3.500000000000000000e+00 2.266970000000000000e+07 1.958670000000000000e+07 2.561520000000000000e+07
4.000000000000000000e+00 1.559210000000000000e+07 1.323800000000000000e+07 1.784630000000000000e+07
5.000000000000000000e+00 8.058460000000000000e+06 6.587210000000000000e+06 9.474040000000000000e+06
6.000000000000000000e+00 4.133090000000000000e+06 3.277270000000000000e+06 4.960610000000000000e+06
7.000000000000000000e+00 1.157060000000000000e+06 9.000340000000000000e+05 1.406680000000000000e+06
8.000000000000000000e+00 1.515080000000000000e+05 1.165430000000000000e+05 1.855920000000000000e+05
9.000000000000000000e+00 2.085090000000000146e+04 1.593389999999999964e+04 2.566050000000000000e+04
1.000000000000000000e+01 3.786280000000000200e+03 2.881710000000000036e+03 4.673960000000000036e+03
